   1.0000000e+01  -2.4007470e+04  -1.5307208e+09  -4.5322803e+02  -1.7617554e+08  -8.8158561e+10  -3.8793296e+02  -4.1818655e+02  -2.0413384e+07  -1.0480452e+02  -1.2603286e+03  -2.8177031e+08  -1.8946457e+02  -1.0441798e+03  -3.4037031e+06  -2.4561793e+01  -1.5760358e+03  -2.6015856e+08  -3.3068525e+02
   2.0000000e+01  -1.8869644e+02   1.6254161e+07  -2.7686699e+00  -3.5435568e+06  -1.7723486e+09  -4.3635389e+00  -2.3883012e+00   4.1418749e+03  -6.5403581e-01  -6.5002008e+02  -1.4539762e+08  -9.7015290e+01  -4.7018435e+02  -2.0936512e+06  -1.1218924e+01   6.5061801e+01   1.3438901e+07  -1.4302095e+00
   2.5000000e+01   6.9681783e+03   6.8266184e+08   1.7001504e+02   4.6825797e+03   3.3986448e+08   1.0906099e+01   3.7924919e+02   2.2347960e+07   2.8546463e+01  -3.4486582e+02  -7.7211271e+07  -5.0790649e+01  -1.8318663e+02  -1.4386252e+06  -4.5474892e+00   1.9273697e+03   3.2255589e+08   1.3284285e+02
   3.0000000e+01   1.0640927e+04   1.2045535e+09   3.7056372e+02   6.1628629e+03   4.0094709e+08   1.6976885e+01   7.1872673e+02   3.9293314e+07   4.3476784e+01  -3.9711563e+01  -9.0249228e+06  -4.5660076e+00   9.6453639e+01  -7.8359928e+05   1.8891549e+00   3.6299786e+03   6.6475557e+08   3.1035859e+02
   4.0000000e+01   1.7473666e+04   2.1923608e+09   8.8474195e+02   9.6114279e+03   6.4864415e+08   2.6941083e+01   1.3279184e+03   6.9202689e+07   7.6243254e+01   1.4625873e+02   2.6176816e+07   3.0686724e+01   2.0835334e+02   5.4703051e+05   7.1267316e+00   6.2856682e+03   1.4660599e+09   7.4666588e+02
   5.0000000e+01   2.1663394e+04   2.7871728e+09   1.3634696e+03   1.0476772e+04   6.5693623e+08   3.3917255e+01   1.7650436e+03   9.1015063e+07   1.0075485e+02   2.7800550e+02   4.4184205e+07   5.3804617e+01   3.3693567e+02   6.1934554e+05   1.2447322e+01   8.7117886e+03   1.9844103e+09   1.1638044e+03
   6.0000000e+01   2.6726339e+04   3.5191884e+09   1.7635152e+03   1.2468487e+04   8.4749871e+08   3.6773721e+01   2.1764566e+03   1.1468429e+08   1.3925000e+02   3.7269149e+02   5.8016375e+07   7.4857282e+01   6.5945784e+02   7.8666594e+05   1.8819890e+01   1.1252300e+04   2.5251955e+09   1.4901317e+03
   7.0000000e+01   2.8237349e+04   3.8027517e+09   1.9297655e+03   1.2475380e+04   8.4883440e+08   3.8456918e+01   2.2634006e+03   1.1932747e+08   1.4627078e+02   3.8225413e+02   6.0834483e+07   7.6940250e+01   6.9757558e+02   7.9580187e+05   2.0786543e+01   1.2455579e+04   2.7739148e+09   1.6448971e+03
   7.5000000e+01   2.8726182e+04   3.8776683e+09   1.9875854e+03   1.2478827e+04   8.4902723e+08   3.9609851e+01   2.2870516e+03   1.2060956e+08   1.4871911e+02   3.8676918e+02   6.1945563e+07   7.8399660e+01   7.1069293e+02   8.0036984e+05   2.1093397e+01   1.2881319e+04   2.8455534e+09   1.6996780e+03
   8.0000000e+01   2.9189554e+04   3.9659019e+09   2.0554829e+03   1.2482273e+04   8.4922006e+08   4.0137213e+01   2.3050269e+03   1.2150586e+08   1.5158154e+02   3.9701395e+02   6.3053319e+07   8.0681513e+01   7.2011333e+02   8.3409504e+05   2.2001261e+01   1.3298186e+04   2.9361100e+09   1.7661310e+03
   9.0000000e+01   3.0119791e+04   4.1504000e+09   2.1930802e+03   1.2489166e+04   8.4960572e+08   4.1917216e+01   2.3411494e+03   1.2337249e+08   1.5632177e+02   4.1957510e+02   6.5246212e+07   8.3870485e+01   7.5305495e+02   8.3878519e+05   2.3810247e+01   1.4123790e+04   3.1112531e+09   1.8929165e+03
   1.0000000e+02   3.1068719e+04   4.3501462e+09   2.3301790e+03   1.2495782e+04   8.4999138e+08   4.2800373e+01   2.3834521e+03   1.2525550e+08   1.6045330e+02   4.6446135e+02   6.9768344e+07   8.8755607e+01   7.7680380e+02   8.4347534e+05   2.5692150e+01   1.4997096e+04   3.3006869e+09   2.0121365e+03
   1.5000000e+02   3.5563317e+04   5.2285446e+09   2.9497208e+03   1.2522195e+04   8.5110918e+08   4.7527764e+01   2.5669667e+03   1.3411689e+08   1.7675128e+02   7.5640498e+02   1.2549478e+08   1.3870940e+02   9.4723127e+02   1.2187390e+06   3.3958106e+01   1.8767408e+04   4.1131486e+09   2.5494523e+03
   2.0000000e+02   3.8082712e+04   5.8489075e+09   3.2781750e+03   1.2534516e+04   8.5189850e+08   4.9908690e+01   2.8021460e+03   1.4395244e+08   1.9101613e+02   8.5263633e+02   1.4952857e+08   1.5708524e+02   1.0472225e+03   1.4120021e+06   3.8145331e+01   2.1060664e+04   4.6798517e+09   2.8346527e+03
   3.0000000e+02   4.2788751e+04   6.3822055e+09   3.8026933e+03   1.2569241e+04   8.5377861e+08   5.3048424e+01   3.0562923e+03   1.5650500e+08   2.1298753e+02   1.1542038e+03   2.1354275e+08   2.1994791e+02   1.2813022e+03   2.1201688e+06   4.4670298e+01   2.4582151e+04   5.1625921e+09   3.2624743e+03
   4.0000000e+02   4.6340784e+04   6.9778473e+09   4.2790142e+03   1.2596171e+04   8.5559116e+08   5.8017008e+01   3.3176090e+03   1.6701356e+08   2.2750891e+02   1.4963902e+03   3.0763125e+08   2.9878919e+02   1.6205256e+03   2.9948135e+06   5.6882248e+01   2.7339349e+04   5.6250381e+09   3.6422928e+03
   5.0000000e+02   5.0937633e+04   7.8975354e+09   4.8883368e+03   1.2639756e+04   8.5779629e+08   6.1213625e+01   3.5260790e+03   1.7992748e+08   2.4875557e+02   2.0332929e+03   3.9529894e+08   4.1375910e+02   1.8864279e+03   3.2166974e+06   6.5653738e+01   3.0907285e+04   6.4069360e+09   4.0486123e+03
   6.0000000e+02   5.4921450e+04   8.1658905e+09   5.2772586e+03   1.2663431e+04   8.5907081e+08   6.4114843e+01   3.7414777e+03   1.8908191e+08   2.6330972e+02   2.3008596e+03   4.6907942e+08   4.8099145e+02   2.1907420e+03   3.4221032e+06   7.3603160e+01   3.4083926e+04   6.7018808e+09   4.4520472e+03
   7.0000000e+02   5.9363085e+04   9.1242900e+09   5.7479900e+03   1.2679473e+04   8.5996523e+08   6.6708562e+01   3.8872202e+03   1.9570450e+08   2.7550957e+02   2.6894391e+03   5.3913039e+08   5.5132654e+02   2.3884012e+03   3.5017498e+06   7.7368376e+01   3.7455570e+04   7.4974032e+09   4.7797656e+03
   8.0000000e+02   6.1026913e+04   9.2707223e+09   6.0862234e+03   1.2691205e+04   8.6076491e+08   6.8470601e+01   3.9587917e+03   1.9900181e+08   2.8554918e+02   2.9776213e+03   5.7794132e+08   6.0145711e+02   2.5469117e+03   3.6918092e+06   8.0161169e+01   3.8817032e+04   7.6296634e+09   5.0099549e+03
   9.0000000e+02   6.2856888e+04   9.5607556e+09   6.3178589e+03   1.2701234e+04   8.6109637e+08   6.9627855e+01   4.0287860e+03   2.0387656e+08   2.9344917e+02   3.1728319e+03   6.2452631e+08   6.5481216e+02   2.5781537e+03   3.7417076e+06   8.2990163e+01   4.0128091e+04   7.8766497e+09   5.2394072e+03
   1.0000000e+03   6.4305723e+04   9.8918462e+09   6.4413344e+03   1.2702654e+04   8.6112242e+08   6.9995249e+01   4.1011270e+03   2.0650368e+08   2.9704399e+02   3.2961738e+03   6.5118113e+08   6.7963021e+02   2.6312074e+03   3.7725156e+06   8.5163887e+01   4.1161783e+04   8.1643925e+09   5.2863122e+03
   2.0000000e+03   6.8375979e+04   1.0501857e+10   6.9321954e+03   1.2716853e+04   8.6138296e+08   7.3897605e+01   4.3128745e+03   2.1726817e+08   3.1823328e+02   3.6321831e+03   7.1911502e+08   7.3808765e+02   3.0289836e+03   4.2800743e+06   9.4587864e+01   4.4728528e+04   8.7046470e+09   5.6730097e+03
   3.0000000e+03   7.0508544e+04   1.0870608e+10   7.1586047e+03   1.2727086e+04   8.6164349e+08   7.4700419e+01   4.3486374e+03   2.1860692e+08   3.2166745e+02   3.9688395e+03   7.8235247e+08   8.1835516e+02   3.2544447e+03   4.4962831e+06   1.0212666e+02   4.6358297e+04   9.0154797e+09   5.8586173e+03
   4.0000000e+03   7.1946440e+04   1.1132689e+10   7.3379833e+03   1.2727388e+04   8.6190403e+08   7.4863881e+01   4.3852653e+03   2.2048822e+08   3.2419130e+02   4.0872017e+03   8.1252585e+08   8.3929438e+02   3.3105891e+03   4.5278105e+06   1.0349650e+02   4.7296752e+04   9.2601040e+09   5.9941571e+03
   5.0000000e+03   7.2949628e+04   1.1305372e+10   7.4225009e+03   1.2727689e+04   8.6216456e+08   7.5285613e+01   4.3933764e+03   2.2097148e+08   3.2688484e+02   4.1327032e+03   8.2263854e+08   8.5486433e+02   3.3692444e+03   4.6340245e+06   1.0490703e+02   4.8196642e+04   9.3799226e+09   6.0637950e+03
   6.0000000e+03   7.3198451e+04   1.1319033e+10   7.4348302e+03   1.2727991e+04   8.6242510e+08   7.5555609e+01   4.4014875e+03   2.2145474e+08   3.2719338e+02   4.1502586e+03   8.2357416e+08   8.5765460e+02   3.3967811e+03   4.6610971e+06   1.0711760e+02   4.8738318e+04   9.4020895e+09   6.0780127e+03
   7.0000000e+03   7.3319851e+04   1.1332643e+10   7.4439745e+03   1.2728292e+04   8.6268563e+08   7.5869766e+01   4.4440348e+03   2.2285298e+08   3.2750191e+02   4.1610711e+03   8.2450979e+08   8.5990650e+02   3.4159269e+03   4.9760688e+06   1.0785669e+02   4.8773932e+04   9.4238266e+09   6.0884749e+03
   8.0000000e+03   7.3425568e+04   1.1346106e+10   7.4549874e+03   1.2728593e+04   8.6284438e+08   7.5922415e+01   4.4487868e+03   2.2328831e+08   3.2825615e+02   4.1662215e+03   8.2567221e+08   8.6492098e+02   3.4444110e+03   5.2340795e+06   1.0845068e+02   4.8809546e+04   9.4350014e+09   6.0955342e+03
   9.0000000e+03   7.3523963e+04   1.1359568e+10   7.4693485e+03   1.2728895e+04   8.6286394e+08   7.5975064e+01   4.4535389e+03   2.2366820e+08   3.2938198e+02   4.1713718e+03   8.2695280e+08   8.7224742e+02   3.4483134e+03   5.2404935e+06   1.0858913e+02   4.8845160e+04   9.4461762e+09   6.1025936e+03
   1.0000000e+04   7.4056422e+04   1.1440703e+10   7.5835357e+03   1.2729196e+04   8.6288351e+08   7.6027712e+01   4.4582909e+03   2.2379153e+08   3.2979618e+02   4.1765715e+03   8.2811663e+08   8.7367526e+02   3.4522158e+03   5.2469074e+06   1.0872759e+02   4.8989922e+04   9.5313199e+09   6.1919071e+03
