   1.0000000e+01             NaN             NaN             NaN
   2.0000000e+01             NaN             NaN             NaN
   2.5000000e+01             NaN             NaN             NaN
   3.0000000e+01             NaN             NaN             NaN
   4.0000000e+01   2.8227299e+06   1.2138350e+03   2.6138616e+07
   5.0000000e+01   1.5710067e+07   4.2049964e+03   7.9759329e+07
   6.0000000e+01   2.5630100e+07   5.0510655e+03   1.0635504e+08
   7.0000000e+01   3.4855325e+07   5.5122784e+03   1.3003911e+08
   7.5000000e+01   3.8127806e+07   6.0876575e+03   1.3694595e+08
   8.0000000e+01   4.2589373e+07   6.5835001e+03   1.4369294e+08
   9.0000000e+01   4.9465005e+07   7.3816816e+03   1.5708299e+08
   1.0000000e+02   5.5177370e+07   8.1157726e+03   1.6772006e+08
   1.5000000e+02   6.9715463e+07   1.1259635e+04   1.8466446e+08
   2.0000000e+02   8.2215330e+07   1.2722666e+04   1.9171315e+08
   3.0000000e+02   9.4763679e+07   1.3704051e+04   1.9756920e+08
   4.0000000e+02   1.0343245e+08   1.3995870e+04   2.0184222e+08
   5.0000000e+02   1.0808339e+08   1.4258550e+04   2.0486341e+08
   6.0000000e+02   1.1239662e+08   1.4446386e+04   2.0671826e+08
   7.0000000e+02   1.1803317e+08   1.4536898e+04   2.0788362e+08
   8.0000000e+02   1.2560636e+08   1.4627409e+04   2.0847566e+08
   9.0000000e+02   1.2814472e+08   1.4717921e+04   2.0906770e+08
   1.0000000e+03   1.3063202e+08   1.4800244e+04   2.0964824e+08
   2.0000000e+03   1.4616720e+08   1.5260837e+04   2.1502476e+08
   3.0000000e+03   1.5047922e+08   1.5506693e+04   2.1872403e+08
   4.0000000e+03   1.6774738e+08   1.5928113e+04   2.2002416e+08
   5.0000000e+03   1.7382190e+08   1.7078887e+04   2.2497288e+08
   6.0000000e+03   1.9335931e+08   1.7248658e+04   2.2790035e+08
   7.0000000e+03   1.9537398e+08   1.8336239e+04   2.2886766e+08
   8.0000000e+03   2.1434869e+08   2.0412911e+04   2.3013531e+08
   9.0000000e+03   2.1539361e+08   2.0530576e+04   2.3169740e+08
   1.0000000e+04   2.1643853e+08   2.0648241e+04   2.3275460e+08
