   1.0000000e+01  -1.8228754e+08  -3.0023788e+03  -1.2092661e+02  -6.8568105e+06  -1.5263009e+02  -1.3370522e+01  -3.0161224e+07  -1.0945433e+02  -7.3619014e+00  -1.5427367e+06  -5.0848795e+03  -1.0735447e+02  -5.9978022e+06  -3.7400451e+01  -2.0650906e+01  -1.8519147e+08  -3.8429117e+03  -1.2253890e+02
   2.0000000e+01  -8.3488629e+07  -8.1545297e+02  -3.9307796e+01  -3.8404158e+06  -8.6098323e+01  -6.8538396e+00  -2.0450046e+07  -7.1733600e+01  -4.0621803e+00  -1.1894593e+06  -5.7859879e+02  -1.2158481e+01  -2.0077655e+06  -1.2295672e+01  -6.1741436e+00  -8.5898282e+07  -1.1523857e+03  -4.3382489e+01
   2.5000000e+01  -3.4089171e+07   2.7800995e+02   1.5016092e+00  -2.3322185e+06  -5.2832438e+01  -3.5954985e+00  -1.5594457e+07  -5.2873236e+01  -2.4123197e+00  -1.0128206e+06   1.1076414e+02   1.8207216e+00  -1.2747158e+04   2.5671742e-01   1.0642376e+00  -3.6251686e+07   1.9287728e+02  -3.8042837e+00
   3.0000000e+01   1.5310287e+07   4.8683794e+02   4.2469979e+01  -8.2402109e+05  -1.9566553e+01  -3.3715739e-01  -1.0738868e+07  -3.4012872e+01  -7.6245918e-01  -8.3618186e+05   1.1327506e+02   1.9068073e+00   1.9822712e+06   1.2779760e+01   6.3392495e+00   1.3394909e+07   3.7556415e+02   3.3529287e+01
   4.0000000e+01   1.6576325e+08   1.1550635e+03   1.5439610e+02   2.2365684e+06   4.7854303e+01   7.6254378e+00  -1.0276895e+06   3.7078567e+00   2.5372619e+00  -4.8290442e+05   1.1829690e+02   2.0789787e+00   7.5676834e+06   7.4489071e+01   1.7800897e+01   1.5478694e+08   8.7297987e+02   1.2487396e+02
   5.0000000e+01   3.0452055e+08   2.2692702e+03   2.9473928e+02   7.4856987e+06   1.5981346e+02   1.5422768e+01   8.1620299e+06   4.2280682e+01   6.5877780e+00  -1.2962699e+05   2.4658900e+02   5.5631539e+00   1.8794869e+07   1.6842635e+02   3.3890843e+01   2.7105429e+08   1.5828855e+03   2.3227572e+02
   6.0000000e+01   4.1973402e+08   3.2364317e+03   4.0129322e+02   2.0999525e+07   4.9070840e+02   2.6167069e+01   1.2065989e+07   5.5001473e+01   1.1891021e+01   3.1957297e+05   3.2870679e+02   8.8064660e+00   2.3045385e+07   1.9211268e+02   4.1808234e+01   3.6377399e+08   2.2083177e+03   3.1575779e+02
   7.0000000e+01   5.1315072e+08   3.8563101e+03   4.8977438e+02   3.3988413e+07   7.3149174e+02   3.5103701e+01   1.4716408e+07   7.2466580e+01   1.4912520e+01   3.8884988e+05   3.3294192e+02   9.2372708e+00   2.5384512e+07   2.0592922e+02   4.6415721e+01   4.3520022e+08   2.5510425e+03   3.8493867e+02
   7.5000000e+01   5.4143884e+08   4.0271779e+03   5.2340391e+02   3.5316880e+07   7.5137808e+02   3.7316992e+01   1.5843471e+07   8.1718422e+01   1.7354774e+01   4.7583536e+05   3.3505948e+02   1.0140206e+01   2.6242927e+07   2.1073616e+02   4.8817219e+01   4.5972165e+08   2.6507825e+03   4.0938339e+02
   8.0000000e+01   5.7566641e+08   4.2128262e+03   5.5522760e+02   3.5971486e+07   7.6655030e+02   3.8527732e+01   1.6819990e+07   8.7056058e+01   1.8907094e+01   5.4567173e+05   3.3799593e+02   1.0854266e+01   2.7220051e+07   2.1577543e+02   5.0888023e+01   4.8961137e+08   2.7719698e+03   4.3345038e+02
   9.0000000e+01   6.4348575e+08   4.5520881e+03   6.1458906e+02   3.7829203e+07   8.0346159e+02   4.2671148e+01   1.8834793e+07   9.8343291e+01   2.1261228e+01   9.7635749e+05   3.4779197e+02   1.2341776e+01   2.8811119e+07   2.2550095e+02   5.4782819e+01   5.3655597e+08   2.9833617e+03   4.7658366e+02
   1.0000000e+02   7.1516216e+08   4.8593940e+03   6.6113095e+02   3.9532489e+07   8.3653987e+02   4.6285997e+01   2.2206382e+07   1.1676657e+02   2.4679493e+01   1.0752118e+06   3.5619582e+02   1.3634157e+01   2.9825418e+07   2.3477563e+02   5.8365809e+01   5.8599857e+08   3.1587142e+03   5.1622189e+02
   1.5000000e+02   8.7700811e+08   5.7863172e+03   8.4368487e+02   4.6888788e+07   9.9510024e+02   5.8724050e+01   3.0590824e+07   1.6416684e+02   3.2246025e+01   1.2715945e+06   3.7293504e+02   1.6664441e+01   3.8833357e+07   2.8513210e+02   7.6450671e+01   7.5365867e+08   3.9481007e+03   6.5870882e+02
   2.0000000e+02   9.9967014e+08   6.8488822e+03   9.6337633e+02   5.1076843e+07   1.0716815e+03   6.5183687e+01   3.6344453e+07   1.9183313e+02   3.7604234e+01   1.5771466e+06   6.4536293e+02   1.8075553e+01   4.2328685e+07   3.1013906e+02   8.4628305e+01   8.5718707e+08   4.5189856e+03   7.5512410e+02
   3.0000000e+02   1.2056856e+09   8.4864988e+03   1.1024157e+03   5.6492513e+07   1.1797881e+03   7.4181380e+01   6.3179439e+07   2.9202831e+02   4.7581882e+01   1.5880051e+06   9.3459116e+02   1.9975993e+01   5.2371724e+07   3.6350610e+02   9.7602753e+01   1.0545659e+09   5.7479203e+03   8.6947055e+02
   4.0000000e+02   1.3813131e+09   9.4265316e+03   1.1597630e+03   6.1795052e+07   1.2912743e+03   8.0065074e+01   1.2149453e+08   5.3720636e+02   5.1509448e+01   1.5988636e+06   9.3872119e+02   2.0734498e+01   5.5755877e+07   3.8117380e+02   1.0138118e+02   1.2030682e+09   6.5568773e+03   9.1136792e+02
   5.0000000e+02   1.5135792e+09   9.9219409e+03   1.2327311e+03   6.4995712e+07   1.3449119e+03   8.5250601e+01   1.2500607e+08   5.4622031e+02   5.3760858e+01   1.6097221e+06   9.4285121e+02   2.0843704e+01   5.8702543e+07   3.9681175e+02   1.0700848e+02   1.3406541e+09   7.0928057e+03   9.7396433e+02
   6.0000000e+02   1.5578477e+09   1.0401039e+04   1.2866173e+03   6.8857678e+07   1.4184799e+03   9.1472300e+01   1.2642855e+08   5.5590136e+02   5.6870351e+01   1.6205805e+06   1.0259435e+03   2.0952910e+01   6.0394043e+07   4.0759308e+02   1.1120033e+02   1.3809101e+09   7.3171176e+03   1.0215786e+03
   7.0000000e+02   1.6740280e+09   1.1137351e+04   1.4001600e+03   7.2010260e+07   1.4866272e+03   9.4965154e+01   1.2821151e+08   5.7207343e+02   6.1323542e+01   1.6314390e+06   1.0562625e+03   2.1771565e+01   6.4035141e+07   4.3268555e+02   1.1944017e+02   1.4650658e+09   7.8992824e+03   1.1100053e+03
   8.0000000e+02   1.8078364e+09   1.2011220e+04   1.4648556e+03   7.4296190e+07   1.5284448e+03   9.9476442e+01   1.3078258e+08   5.8720020e+02   6.8723476e+01   1.6690878e+06   1.2307030e+03   2.2603813e+01   6.6516199e+07   4.4555539e+02   1.2385040e+02   1.5879325e+09   8.5974919e+03   1.1565139e+03
   9.0000000e+02   1.9283541e+09   1.2279189e+04   1.5563946e+03   7.9193797e+07   1.6345253e+03   1.0514587e+02   1.3667781e+08   6.0668201e+02   7.4523343e+01   1.7048347e+06   1.2874778e+03   2.3126437e+01   6.9486786e+07   4.7081067e+02   1.3060614e+02   1.6345087e+09   8.8722936e+03   1.2276034e+03
   1.0000000e+03   1.9889306e+09   1.3175609e+04   1.6459712e+03   8.2246758e+07   1.7204240e+03   1.0963874e+02   1.4761181e+08   6.4329355e+02   7.8686266e+01   1.7316758e+06   1.2915811e+03   2.3666351e+01   7.1461612e+07   4.8163341e+02   1.3333606e+02   1.7202297e+09   9.1242383e+03   1.2890038e+03
   2.0000000e+03   2.6783943e+09   1.7972709e+04   2.0644366e+03   1.0532214e+08   2.2592905e+03   1.4030016e+02   1.7960861e+08   7.6351594e+02   1.0496636e+02   2.1851841e+06   1.4485419e+03   2.8241129e+01   8.9520302e+07   5.8705704e+02   1.6213108e+02   2.2800788e+09   1.3150743e+04   1.6277778e+03
   3.0000000e+03   2.8730181e+09   1.9649005e+04   2.2131219e+03   1.2008132e+08   2.6652795e+03   1.6375793e+02   2.0152089e+08   8.4950156e+02   1.1758326e+02   2.3212184e+06   1.4753088e+03   3.0657127e+01   9.7134058e+07   6.4286537e+02   1.7604439e+02   2.5152730e+09   1.4374192e+04   1.7396862e+03
   4.0000000e+03   3.0417807e+09   2.0103316e+04   2.2827228e+03   1.3080000e+08   2.8599307e+03   1.7109734e+02   2.0991581e+08   8.8594706e+02   1.2363843e+02   2.6406562e+06   1.5437452e+03   3.1718676e+01   1.0449116e+08   6.7952264e+02   1.7940727e+02   2.6092353e+09   1.4661697e+04   1.8054281e+03
   5.0000000e+03   3.0793630e+09   2.0556945e+04   2.3611415e+03   1.4235886e+08   3.0774181e+03   1.7928978e+02   2.1389866e+08   8.9901826e+02   1.3355565e+02   3.0166519e+06   1.5494855e+03   3.3356485e+01   1.0674110e+08   6.8469579e+02   1.8352602e+02   2.6450052e+09   1.5122526e+04   1.8572995e+03
   6.0000000e+03   3.1378918e+09   2.1479053e+04   2.4191795e+03   1.4604006e+08   3.2461999e+03   1.8410652e+02   2.1813423e+08   9.2536248e+02   1.4059640e+02   3.1506200e+06   1.5513750e+03   3.4065118e+01   1.0923143e+08   6.9654114e+02   1.8904219e+02   2.7204197e+09   1.5668684e+04   1.8985415e+03
   7.0000000e+03   3.2064163e+09   2.1688833e+04   2.4905998e+03   1.4712103e+08   3.2747719e+03   1.8752246e+02   2.2370431e+08   9.3832689e+02   1.4405260e+02   3.2481852e+06   1.5529016e+03   3.4358653e+01   1.1178271e+08   7.2614668e+02   1.9412415e+02   2.7722029e+09   1.6026254e+04   1.9494600e+03
   8.0000000e+03   3.3417105e+09   2.2322267e+04   2.5142200e+03   1.4968670e+08   3.3285778e+03   1.9766432e+02   2.3343923e+08   9.8142909e+02   1.4688226e+02   3.2663134e+06   1.5544282e+03   3.5629107e+01   1.1725135e+08   7.5342984e+02   2.0292105e+02   2.8700731e+09   1.6276679e+04   1.9757656e+03
   9.0000000e+03   3.3614060e+09   2.3039256e+04   2.5760652e+03   1.5230802e+08   3.3427774e+03   1.9952713e+02   2.4050298e+08   1.0281559e+03   1.5216152e+02   3.2844416e+06   1.5559547e+03   3.5780002e+01   1.1791507e+08   7.5652342e+02   2.0403118e+02   2.8940809e+09   1.6754166e+04   2.0205816e+03
   1.0000000e+04   3.4003739e+09   2.3739137e+04   2.6497534e+03   1.5525562e+08   3.4316962e+03   2.0227960e+02   2.5653157e+08   1.0490130e+03   1.5305058e+02   3.5306981e+06   1.5574813e+03   3.5877362e+01   1.2355517e+08   7.5961700e+02   2.0564087e+02   2.9396716e+09   1.7235328e+04   2.0638088e+03
